m	Vm
1	23744
2	7679
3	4219
4	2605
5	1941
6	1371
7	1144
8	862
9	733
10	567
11	509
12	449
13	435
14	365
15	314
16	308
17	265
18	218
19	221
20	207
21	194
22	176
23	142
24	136
25	126
26	118
27	118
28	112
29	109
30	105
31	94
32	82
33	90
34	95
35	68
36	75
37	70
38	63
39	87
40	81
41	70
42	57
43	73
44	56
45	59
46	56
47	54
48	45
49	33
50	46
51	41
52	36
53	36
54	38
55	48
56	35
57	42
58	32
59	27
60	34
61	34
62	43
63	30
64	25
65	33
66	38
67	25
68	27
69	17
70	14
71	15
72	17
73	19
74	21
75	23
76	15
77	22
78	18
79	21
80	15
81	27
82	17
83	19
84	14
85	16
86	21
87	13
88	9
89	16
90	17
91	11
92	12
93	10
94	7
95	11
96	14
97	12
98	8
99	13
100	14
101	8
102	12
103	17
104	10
105	19
106	10
107	7
108	9
109	13
110	10
111	3
112	13
113	12
114	8
115	12
116	9
117	12
118	7
119	7
120	7
121	8
122	8
123	7
124	9
125	7
126	6
127	7
128	9
129	6
130	5
131	11
132	15
133	3
134	8
135	5
136	7
137	8
138	3
139	7
140	4
141	3
142	6
143	6
144	8
145	5
146	3
147	4
148	4
149	2
150	3
151	5
152	5
153	8
154	3
155	6
156	5
157	10
158	5
159	3
160	4
161	4
162	6
163	2
164	3
165	3
166	4
167	6
168	3
169	9
170	2
171	7
172	3
173	3
174	2
175	3
176	2
177	1
178	1
179	6
180	4
182	3
183	3
184	5
185	5
186	2
187	2
188	2
189	7
190	3
191	3
192	4
193	3
194	5
195	4
196	3
197	3
198	2
199	4
200	1
201	1
202	1
203	1
204	1
205	1
206	2
208	4
209	2
210	6
211	6
212	4
214	4
216	1
217	3
218	1
219	1
220	2
221	3
223	2
224	2
225	2
226	1
229	1
231	5
232	1
233	3
234	2
235	2
236	4
237	4
239	3
240	2
241	4
243	1
245	3
246	2
247	1
248	3
249	1
250	1
252	1
253	1
254	1
255	2
256	1
257	5
258	1
260	1
261	3
264	1
265	1
266	2
267	1
268	3
269	1
270	1
271	4
272	1
273	2
275	3
276	1
278	1
279	1
280	3
281	2
283	3
285	1
291	2
295	3
296	2
298	2
299	1
301	1
302	1
304	2
306	2
307	3
308	1
309	1
310	1
311	2
313	1
314	1
315	2
317	1
318	6
319	1
325	2
329	1
331	1
333	3
334	1
335	2
337	1
338	1
340	1
342	2
343	2
345	1
346	2
347	2
348	1
349	3
350	1
351	1
352	2
353	1
354	2
357	1
358	1
359	1
362	1
364	2
365	1
367	2
369	1
370	1
373	3
374	1
375	2
376	1
377	1
379	1
380	1
382	1
384	1
385	1
386	1
389	1
391	1
392	1
394	2
396	3
399	2
400	1
401	1
403	1
404	1
407	2
409	1
411	4
412	1
420	1
422	1
426	1
427	1
431	1
436	1
441	1
442	1
443	1
444	1
445	1
447	1
448	1
454	2
457	1
459	1
461	1
463	2
465	1
467	1
477	1
486	1
495	1
500	1
505	1
508	1
517	1
519	2
521	1
522	1
527	2
531	1
540	1
544	1
546	1
551	1
553	1
554	1
558	1
565	2
567	2
568	1
573	1
581	1
582	1
591	1
592	1
598	2
599	1
602	1
606	1
607	1
615	1
616	1
618	1
619	1
632	1
640	2
646	2
660	1
661	1
670	1
671	1
673	1
677	1
690	1
694	1
701	1
712	1
715	1
716	1
724	1
729	1
736	1
743	1
745	1
747	1
749	1
750	1
752	1
753	1
756	1
760	1
770	1
777	1
792	1
800	1
801	1
805	1
822	1
834	1
856	1
858	1
868	1
869	1
875	1
885	1
909	1
916	1
920	1
929	1
931	2
935	1
945	1
986	1
997	1
1000	1
1028	1
1035	1
1043	1
1086	1
1098	1
1100	1
1111	1
1157	1
1159	1
1181	1
1201	1
1211	1
1227	1
1241	1
1277	1
1282	1
1284	1
1296	1
1335	1
1339	1
1387	1
1410	1
1424	1
1509	1
1596	1
1598	1
1611	1
1689	1
1698	1
1701	1
1726	1
1731	1
1741	1
1750	1
1761	1
1762	1
1769	1
1813	1
1841	1
1902	1
1964	1
1970	1
1981	1
2004	1
2029	1
2089	1
2152	1
2158	1
2170	1
2414	1
2424	1
2509	1
2511	1
2660	1
2731	1
2778	1
2809	1
2815	1
2870	1
2926	1
3020	1
3206	1
3457	1
3464	1
3850	1
3900	1
4025	1
4136	1
4299	1
4578	1
4847	1
5015	1
5033	1
5541	1
5697	1
6236	1
6239	1
6297	1
6527	1
6576	1
6687	1
6845	1
7135	1
8660	1
9613	1
9942	1
10052	1
19146	1
21276	1
25171	1
27285	1
35459	1
61558	1
