m	Vm
1	17832
2	5747
3	2959
4	1870
5	1310
6	965
7	726
8	564
9	497
10	430
11	347
12	309
13	277
14	220
15	214
16	177
17	158
18	161
19	156
20	130
21	129
22	113
23	116
24	92
25	95
26	97
27	87
28	71
29	64
30	76
31	57
32	60
33	49
34	61
35	43
36	38
37	46
38	41
39	36
40	36
41	36
42	37
43	38
44	31
45	32
46	32
47	26
48	34
49	26
50	23
51	19
52	20
53	15
54	29
55	13
56	20
57	16
58	23
59	17
60	13
61	24
62	10
63	21
64	18
65	21
66	17
67	11
68	14
69	13
70	16
71	13
72	17
73	12
74	5
75	15
76	11
77	10
78	13
79	15
80	13
81	9
82	8
83	11
84	6
85	7
86	4
87	5
88	5
89	3
90	10
91	12
92	6
93	8
94	5
95	6
96	4
97	6
98	1
99	6
100	4
101	4
102	9
103	9
104	4
105	4
106	3
107	4
108	6
109	7
110	4
111	4
112	1
113	4
114	3
115	5
116	4
117	4
118	3
119	4
120	1
121	3
122	4
123	4
124	5
125	5
126	4
127	3
128	2
129	5
130	5
131	3
132	1
133	1
134	3
135	6
136	6
137	2
139	1
140	4
142	4
143	5
144	3
145	1
146	3
147	2
148	2
149	1
150	1
151	2
152	2
153	2
154	5
155	1
156	1
157	1
158	2
159	1
161	3
162	1
163	4
164	1
165	1
166	1
168	3
169	4
170	2
171	4
173	1
174	3
175	1
176	2
177	1
178	4
179	1
180	2
181	1
182	2
183	3
184	1
185	1
186	1
187	1
188	1
189	2
190	1
191	4
194	1
196	1
197	2
198	1
200	4
201	2
202	1
203	1
204	3
205	3
206	3
207	4
210	1
211	1
212	4
213	1
214	1
217	1
220	1
223	2
225	2
228	1
231	1
233	1
235	1
237	1
239	1
240	2
241	1
244	1
246	2
247	1
250	3
251	1
253	1
254	1
255	1
256	2
258	2
264	2
266	1
267	1
268	1
269	1
273	2
276	1
277	1
284	2
287	1
292	1
295	1
297	1
300	2
302	2
306	2
310	3
314	1
320	2
322	1
328	1
334	1
339	1
340	1
342	1
345	1
346	1
347	1
351	1
353	2
358	1
362	1
366	1
368	1
371	1
376	1
380	1
382	1
383	1
386	1
389	2
390	1
398	1
400	1
403	2
404	1
405	1
409	1
416	1
421	1
422	1
426	1
427	1
428	2
430	1
438	1
442	1
459	2
469	1
474	1
479	1
482	2
492	1
512	1
533	1
539	1
542	1
545	1
546	1
547	1
567	1
574	1
609	1
612	1
613	1
619	1
630	1
651	2
654	1
657	1
666	1
670	1
682	1
690	1
697	1
706	1
710	1
712	1
716	1
733	1
761	1
764	1
768	1
784	1
794	1
795	1
805	1
815	2
816	1
820	1
821	1
898	1
902	1
970	1
1000	1
1048	1
1055	1
1075	1
1119	1
1131	1
1142	1
1177	1
1280	1
1348	1
1350	1
1359	1
1378	1
1412	1
1422	1
1493	1
1651	1
1652	1
1726	1
1797	1
1809	1
2006	1
2039	1
2067	1
2075	1
2326	1
2354	1
2517	1
2601	1
2692	1
2717	1
2900	1
2993	1
3054	1
3145	1
3392	1
3424	1
3634	1
3718	1
4525	1
5079	1
5947	1
10038	1
11161	1
12643	1
13437	1
18277	1
31279	1
