m	Vm
1	19142
2	6201
3	3177
4	2038
5	1403
6	1040
7	831
8	653
9	513
10	452
11	353
12	328
13	300
14	269
15	230
16	194
17	169
18	177
19	143
20	153
21	176
22	118
23	119
24	102
25	110
26	100
27	94
28	87
29	86
30	77
31	67
32	62
33	73
34	66
35	60
36	40
37	51
38	56
39	47
40	41
41	45
42	34
43	37
44	43
45	31
46	33
47	40
48	27
49	28
50	38
51	21
52	25
53	34
54	33
55	27
56	24
57	15
58	25
59	16
60	28
61	21
62	24
63	16
64	17
65	12
66	18
67	16
68	15
69	18
70	16
71	21
72	13
73	18
74	13
75	13
76	11
77	8
78	10
79	8
80	19
81	15
82	12
83	9
84	17
85	8
86	15
87	13
88	11
89	10
90	8
91	11
92	10
93	11
94	7
95	4
96	5
97	11
98	5
99	8
100	8
101	6
102	12
103	6
104	5
105	1
106	3
107	7
108	7
109	9
110	7
111	4
112	7
113	7
114	4
115	8
116	7
117	5
118	5
119	6
120	2
121	2
122	2
123	3
124	6
125	4
126	2
127	5
128	3
129	5
130	3
131	1
132	8
133	2
134	2
135	2
136	6
137	2
138	6
139	3
140	5
141	6
142	2
143	7
144	2
145	1
146	4
147	2
148	3
149	2
150	5
151	6
152	4
154	4
155	1
156	3
157	2
158	2
160	3
161	4
162	4
163	1
164	3
165	2
166	4
167	5
168	1
169	1
170	1
171	2
172	5
173	1
174	1
175	3
176	3
178	3
179	1
181	2
184	1
185	5
186	1
187	1
189	2
190	1
191	3
192	2
193	2
194	1
195	1
196	1
197	1
198	1
199	3
201	1
202	3
203	1
204	4
206	1
208	3
209	2
210	1
211	3
212	4
214	2
215	2
216	4
217	1
218	2
220	3
221	2
222	2
223	3
224	1
225	1
226	1
227	1
230	1
231	2
234	1
235	1
236	2
237	2
238	3
239	1
242	1
245	2
247	1
248	1
249	2
250	1
252	3
254	1
255	4
256	1
260	2
261	1
264	1
265	1
266	1
269	2
270	1
276	1
278	2
279	2
280	1
282	1
284	1
286	1
288	1
290	1
291	1
293	1
295	2
296	1
297	1
299	3
300	1
301	1
302	1
307	1
312	1
315	1
319	1
322	1
324	1
326	1
327	2
330	2
337	1
340	2
343	1
344	1
345	1
347	1
353	1
354	1
370	1
374	1
375	2
383	1
384	1
385	1
390	1
394	2
400	1
403	1
411	1
413	1
415	2
420	1
422	2
423	1
426	1
427	1
429	1
431	1
434	1
440	1
450	1
454	1
464	1
465	1
468	1
469	1
472	1
478	1
483	1
484	1
486	1
491	1
492	1
494	1
496	1
497	2
498	1
506	1
508	1
514	1
520	1
533	1
536	1
548	1
552	2
562	1
567	1
570	1
582	1
623	1
624	1
629	2
661	1
662	1
689	1
705	1
712	1
738	1
739	1
750	1
761	1
765	1
769	1
770	1
771	1
785	1
790	1
791	1
797	1
806	1
810	1
812	1
813	1
835	1
853	1
872	1
896	1
900	1
913	1
917	1
920	1
941	2
944	1
946	1
949	1
955	1
1052	1
1073	1
1113	1
1151	1
1178	1
1179	1
1228	1
1250	1
1316	1
1335	1
1363	1
1371	1
1555	1
1556	1
1625	1
1630	1
1634	1
1641	1
1649	1
1702	1
1884	1
1968	1
2040	1
2141	1
2219	1
2453	1
2471	1
2495	1
2547	1
2733	1
2743	1
3040	1
3053	1
3192	1
3296	1
3374	1
3599	1
3600	1
3840	1
4021	1
4135	1
4359	1
4408	1
5641	1
6091	1
6943	1
12085	1
12778	1
15443	1
16535	1
22927	1
37782	1
