m	Vm
1	20502
2	6563
3	3461
4	2121
5	1558
6	1123
7	901
8	735
9	570
10	492
11	414
12	344
13	329
14	298
15	264
16	228
17	182
18	170
19	162
20	169
21	138
22	134
23	142
24	115
25	110
26	117
27	101
28	100
29	96
30	71
31	80
32	80
33	72
34	76
35	75
36	56
37	64
38	69
39	50
40	52
41	37
42	37
43	39
44	52
45	34
46	29
47	32
48	45
49	41
50	37
51	33
52	28
53	29
54	28
55	31
56	36
57	28
58	25
59	27
60	20
61	20
62	22
63	16
64	26
65	23
66	14
67	15
68	21
69	21
70	18
71	23
72	15
73	12
74	20
75	17
76	10
77	17
78	10
79	13
80	10
81	18
82	14
83	9
84	15
85	15
86	9
87	8
88	16
89	13
90	12
91	8
92	17
93	11
94	15
95	7
96	10
97	12
98	9
99	8
100	12
101	4
102	12
103	12
104	6
105	6
106	8
107	11
108	7
109	7
110	7
111	7
112	8
113	11
114	9
115	6
116	4
117	4
118	3
119	14
120	4
121	7
122	4
123	5
124	6
125	6
126	4
127	2
128	5
129	6
130	6
131	5
132	2
133	4
134	3
135	4
136	7
137	4
138	3
139	3
140	5
141	2
142	7
143	7
144	3
145	3
146	5
147	4
148	3
149	4
150	2
151	5
152	3
153	5
154	3
155	5
156	6
157	6
158	3
159	3
160	2
161	1
162	1
163	2
164	4
165	2
166	4
167	2
168	6
169	2
170	8
171	1
172	3
173	5
174	2
175	3
176	3
177	5
178	3
179	1
180	1
181	2
182	3
184	2
185	2
188	3
189	4
191	2
192	1
193	1
194	4
196	4
197	1
198	4
199	3
200	5
202	2
203	1
205	3
206	2
207	1
208	3
211	1
212	1
213	1
214	1
215	4
217	1
218	2
219	1
220	1
223	1
224	1
225	1
226	1
227	1
228	1
229	3
230	1
231	1
232	3
235	2
236	1
238	4
239	3
240	1
241	2
244	2
246	1
250	2
251	3
253	1
254	5
255	1
256	2
257	1
259	3
260	1
261	3
262	3
264	1
265	1
267	2
268	3
270	1
273	1
275	2
276	1
277	1
278	1
280	1
281	1
283	2
284	3
286	1
287	2
289	1
290	3
292	2
294	1
295	1
296	1
301	1
302	1
303	1
305	2
308	3
309	1
312	1
319	1
322	3
323	1
325	1
327	1
329	2
332	1
336	2
339	1
340	1
343	2
346	1
349	3
351	1
354	1
358	1
361	2
362	1
364	1
374	1
375	1
377	2
378	1
379	1
385	1
391	1
395	1
396	1
397	1
398	1
402	1
403	1
410	1
411	1
417	1
420	1
424	1
433	1
436	1
440	1
445	3
451	1
457	1
458	1
472	2
477	1
478	1
483	1
485	1
489	1
490	1
494	1
497	1
499	2
502	1
505	2
507	1
516	1
521	3
523	2
530	1
532	1
544	1
547	1
548	2
552	1
557	2
559	1
573	1
580	1
582	1
583	1
587	1
603	1
605	1
608	1
610	1
611	1
612	1
630	1
645	1
664	1
691	1
708	1
742	1
751	1
754	1
766	1
782	1
797	1
840	1
847	1
850	1
856	1
867	1
877	1
883	1
887	1
915	1
916	1
918	1
920	1
925	1
935	1
956	1
960	1
961	1
990	1
993	1
997	1
1011	1
1017	1
1031	1
1064	1
1066	1
1078	1
1083	1
1087	1
1119	1
1122	1
1156	1
1204	1
1253	1
1327	1
1399	1
1411	1
1426	1
1440	1
1535	1
1565	1
1611	1
1621	1
1677	1
1746	1
1835	1
1861	1
1871	1
1878	1
1989	1
2101	1
2140	1
2148	1
2151	1
2580	1
2772	1
2821	1
2948	1
2971	1
3089	1
3138	1
3175	1
3260	1
3375	1
3549	1
3667	1
4032	1
4069	1
4183	1
4691	1
4720	1
4880	1
5136	1
5236	1
6590	1
7114	1
8342	1
14511	1
14825	1
17827	1
19118	1
27598	1
44595	1
