m	Vm
1	7800
2	2285
3	1176
4	714
5	512
6	331
7	272
8	182
9	177
10	125
11	102
12	103
13	94
14	69
15	64
16	46
17	61
18	53
19	48
20	36
21	26
22	33
23	17
24	23
25	15
26	19
27	26
28	8
29	15
30	19
31	14
32	13
33	16
34	14
35	19
36	12
37	12
38	9
39	10
40	8
41	9
42	11
43	10
44	10
45	4
46	3
47	7
48	4
49	8
50	1
51	7
52	5
54	3
55	3
56	5
57	7
58	3
59	2
60	3
61	3
63	3
64	3
65	2
66	1
67	3
68	3
69	2
70	2
71	1
72	2
73	6
75	2
76	2
77	2
78	1
80	1
81	4
83	3
85	1
86	2
87	1
88	1
91	1
95	2
96	1
97	2
98	1
99	1
100	1
102	2
103	1
104	1
105	1
106	1
109	2
113	1
115	2
119	1
120	1
124	1
126	3
129	1
130	1
132	1
133	1
139	1
141	1
145	1
146	1
148	1
149	1
151	1
152	1
160	1
162	1
167	1
169	1
170	1
171	1
174	1
175	1
188	1
196	1
202	1
206	2
211	2
220	1
223	1
235	1
241	1
253	2
266	1
274	1
285	1
295	1
301	1
309	1
317	1
330	1
339	1
364	1
369	1
385	1
410	1
432	1
458	1
460	1
516	1
552	1
558	1
608	1
617	1
629	1
716	1
754	1
809	1
879	1
911	1
929	1
1065	1
2078	1
2190	1
2385	1
2387	1
3250	1
6271	1
