m	Vm
1	14360
2	4412
3	2252
4	1398
5	1025
6	720
7	558
8	473
9	415
10	307
11	257
12	211
13	181
14	169
15	155
16	133
17	128
18	101
19	90
20	98
21	80
22	68
23	57
24	71
25	58
26	61
27	54
28	52
29	57
30	53
31	32
32	38
33	35
34	38
35	34
36	24
37	27
38	25
39	26
40	24
41	32
42	18
43	24
44	23
45	25
46	20
47	18
48	14
49	25
50	12
51	17
52	14
53	12
54	13
55	17
56	12
57	7
58	7
59	15
60	12
61	7
62	10
63	6
64	9
65	5
66	7
67	7
68	4
69	7
70	7
71	4
72	9
73	5
74	9
75	6
76	10
77	6
78	6
79	13
80	4
81	4
82	4
83	9
84	8
85	4
86	5
87	6
88	7
89	7
90	2
91	2
92	6
93	4
94	3
95	3
96	1
97	3
98	2
99	2
100	2
101	2
102	3
103	3
104	2
105	6
106	3
107	4
108	1
109	1
110	1
111	3
112	3
113	3
114	3
115	3
116	1
118	4
120	3
121	2
122	1
123	5
126	1
127	2
128	1
129	1
130	1
131	2
132	3
133	1
134	2
136	1
137	1
138	4
139	6
140	1
141	2
143	1
145	2
146	1
147	3
148	2
149	1
150	1
151	1
154	2
156	2
157	1
159	2
161	1
163	1
164	2
165	1
166	1
167	1
169	1
170	1
171	1
173	1
174	1
175	1
177	1
178	1
179	3
180	1
184	1
185	1
186	2
187	2
188	1
190	3
191	1
192	1
193	1
195	1
196	2
201	1
204	1
205	1
209	1
210	2
214	1
217	2
221	1
222	1
223	3
226	1
230	1
232	1
233	1
238	3
241	1
244	1
246	1
247	4
248	1
251	1
253	1
255	1
264	1
270	1
271	1
274	1
278	2
288	1
291	1
294	1
298	1
299	1
304	1
325	1
327	1
329	1
330	1
335	1
336	2
354	1
356	1
357	1
361	1
366	1
370	1
371	1
373	1
381	1
399	1
403	2
409	1
424	2
425	1
434	1
437	1
438	1
442	1
449	1
450	2
457	1
464	1
466	1
469	1
477	2
478	1
502	1
503	1
511	1
564	1
568	1
604	1
655	1
656	1
658	1
679	1
684	1
710	1
722	1
740	1
761	1
770	1
782	1
790	1
795	1
833	1
835	1
1009	1
1033	1
1036	1
1130	1
1136	1
1174	1
1226	1
1261	1
1265	1
1285	1
1295	1
1491	1
1582	1
1588	1
1784	1
1850	1
1855	1
1887	1
1899	1
1938	1
2020	1
2281	1
2872	1
2879	1
3632	1
5921	1
6601	1
7373	1
7926	1
10427	1
18442	1
