m	Vm
1	11745
2	3499
3	1756
4	1098
5	808
6	562
7	438
8	358
9	273
10	217
11	188
12	167
13	145
14	127
15	109
16	75
17	86
18	54
19	63
20	58
21	80
22	64
23	51
24	44
25	46
26	29
27	37
28	38
29	27
30	36
31	28
32	18
33	25
34	18
35	24
36	23
37	19
38	24
39	18
40	22
41	16
42	12
43	14
44	11
45	14
46	6
47	9
48	8
49	12
50	10
51	13
52	7
53	14
54	5
55	11
56	14
57	6
58	6
59	7
60	5
61	9
62	5
63	10
64	4
65	5
66	6
67	3
68	2
69	7
70	2
71	4
72	7
73	5
74	5
75	5
76	6
77	6
78	7
79	1
80	3
81	4
82	5
83	3
84	2
85	1
86	2
87	1
88	2
89	6
90	1
91	1
92	3
93	1
95	3
96	2
97	4
100	2
101	2
102	2
103	2
105	3
106	1
107	3
108	2
109	3
110	3
113	1
117	4
118	2
119	2
120	1
121	1
124	1
125	4
126	1
127	3
128	1
129	1
131	1
132	1
133	3
134	1
135	5
137	2
138	2
139	3
140	1
143	1
145	1
147	1
153	3
154	2
156	1
157	1
158	1
159	1
160	1
161	1
162	1
166	1
170	2
171	1
175	1
187	1
190	1
193	1
194	1
195	2
199	2
203	2
204	2
210	1
214	1
217	1
219	1
220	1
222	1
227	1
228	3
229	1
230	1
233	1
239	1
241	1
258	1
263	1
266	1
267	1
273	1
276	1
280	1
282	1
284	1
287	1
291	1
303	1
304	1
307	1
309	1
317	1
318	2
321	1
324	1
326	1
333	1
365	1
367	1
377	1
387	1
394	1
417	1
449	1
453	1
472	1
483	1
485	1
493	1
495	1
500	1
510	1
519	1
524	1
525	1
547	1
555	1
623	1
697	1
712	1
723	1
771	1
784	1
785	1
831	1
894	1
930	1
945	1
982	1
1051	1
1105	1
1145	1
1249	1
1264	1
1270	1
1284	1
1349	1
1362	1
1692	1
1883	1
2019	1
2326	1
3950	1
4330	1
4902	1
5059	1
6967	1
12454	1
