m	Vm
1	21847
2	7013
3	3796
4	2317
5	1727
6	1258
7	950
8	805
9	664
10	508
11	471
12	392
13	359
14	309
15	265
16	254
17	223
18	202
19	189
20	149
21	167
22	144
23	132
24	116
25	108
26	119
27	110
28	125
29	87
30	88
31	75
32	89
33	85
34	81
35	73
36	67
37	74
38	59
39	67
40	64
41	65
42	47
43	60
44	48
45	40
46	45
47	42
48	16
49	45
50	37
51	37
52	21
53	30
54	40
55	40
56	36
57	34
58	26
59	33
60	26
61	30
62	24
63	22
64	31
65	17
66	18
67	15
68	15
69	26
70	20
71	16
72	20
73	19
74	15
75	14
76	18
77	21
78	17
79	24
80	12
81	23
82	16
83	12
84	11
85	8
86	12
87	6
88	11
89	13
90	9
91	14
92	13
93	13
94	14
95	10
96	11
97	9
98	13
99	6
100	7
101	9
102	13
103	11
104	15
105	4
106	16
107	9
108	6
109	11
110	8
111	17
112	7
113	8
114	5
115	10
116	8
117	8
118	5
119	10
120	11
121	2
122	7
123	6
124	6
125	5
126	10
127	8
128	5
129	8
130	5
131	5
132	6
133	4
134	7
135	10
136	5
137	6
138	6
139	5
140	8
141	5
142	4
143	2
144	2
145	5
146	2
147	3
148	2
149	1
150	3
151	4
152	6
153	3
154	2
155	2
156	4
157	1
158	7
159	4
160	2
161	6
162	1
163	5
164	4
165	3
166	3
167	1
168	3
169	4
170	4
171	5
172	2
173	6
174	4
175	2
176	4
177	3
178	8
179	4
180	2
181	1
182	2
183	4
184	1
185	2
186	3
187	5
188	1
189	6
190	4
191	1
192	2
193	3
194	3
196	3
197	4
198	3
200	1
201	1
202	2
203	2
204	1
205	2
206	3
207	2
208	3
209	2
210	3
212	1
213	1
214	1
215	1
216	2
217	2
218	2
219	3
220	5
221	2
222	2
223	1
226	1
227	3
228	1
229	1
230	6
231	1
233	3
234	1
235	1
236	2
237	1
239	3
241	2
242	1
243	2
244	3
248	2
249	1
250	1
252	1
255	1
257	3
259	1
261	1
262	1
263	2
264	1
265	1
266	1
268	1
270	2
271	1
272	3
273	2
274	1
275	1
276	2
278	1
279	2
280	1
281	1
282	1
285	1
287	1
288	3
289	1
290	2
291	3
292	5
293	2
294	2
295	2
297	1
299	1
301	2
303	1
304	1
306	2
307	1
308	1
310	1
311	2
313	1
320	2
321	2
322	2
324	1
325	1
326	1
328	2
329	1
332	1
334	1
335	1
338	1
342	1
346	1
347	1
351	1
352	1
354	1
357	1
359	1
361	1
364	2
365	1
366	1
370	3
371	1
374	1
375	2
376	1
381	2
382	1
385	3
386	1
390	1
392	1
395	1
399	1
401	1
404	1
405	1
410	1
412	1
418	1
424	1
425	1
426	1
430	1
437	1
440	1
441	1
442	2
443	2
444	1
452	1
454	1
456	1
457	1
458	1
464	1
465	1
471	1
477	1
507	2
508	1
512	1
514	1
523	1
524	1
527	1
538	1
541	2
544	2
545	1
547	1
550	1
558	1
563	1
564	1
568	1
575	1
577	1
578	1
580	2
581	1
597	1
600	1
601	1
608	1
618	1
619	1
626	2
627	1
628	1
629	1
633	1
639	1
646	1
654	1
660	1
664	2
667	1
669	2
671	1
695	1
710	1
722	1
727	1
755	1
769	1
783	1
798	1
820	1
821	1
857	1
871	1
914	1
927	1
941	1
942	1
955	1
997	1
1003	1
1014	1
1019	1
1029	1
1038	1
1042	1
1049	2
1065	1
1079	1
1082	1
1114	1
1126	1
1135	1
1144	1
1197	1
1209	1
1215	1
1243	2
1245	1
1249	1
1278	2
1311	1
1346	1
1374	1
1381	1
1479	1
1544	1
1553	1
1576	1
1607	1
1689	1
1771	1
1796	1
1842	1
1846	1
1856	1
1996	1
2029	1
2098	1
2118	1
2160	1
2268	1
2333	1
2448	1
2564	1
2743	1
2918	1
3108	1
3120	1
3310	1
3384	1
3561	1
3652	1
3788	1
3930	1
4082	1
4087	1
4112	1
4575	1
4760	1
4765	1
5375	1
5436	1
5530	1
6070	1
6232	1
7328	1
8164	1
9450	1
16316	1
16827	1
20288	1
21836	1
31293	1
51111	1
