m	Vm
1	16440
2	5078
3	2618
4	1678
5	1168
6	816
7	683
8	545
9	457
10	371
11	297
12	268
13	218
14	210
15	198
16	167
17	137
18	142
19	134
20	116
21	108
22	95
23	96
24	63
25	98
26	66
27	64
28	64
29	60
30	47
31	47
32	48
33	44
34	46
35	47
36	36
37	40
38	33
39	39
40	42
41	26
42	25
43	27
44	20
45	18
46	26
47	17
48	22
49	17
50	19
51	19
52	25
53	23
54	23
55	23
56	17
57	17
58	15
59	22
60	23
61	12
62	16
63	14
64	10
65	5
66	11
67	16
68	8
69	10
70	5
71	10
72	16
73	7
74	6
75	7
76	10
77	9
78	6
79	8
80	10
81	9
82	6
83	4
84	8
85	8
86	4
87	3
88	4
89	5
90	4
91	5
92	5
93	8
94	3
95	5
96	5
97	7
98	4
99	2
100	5
101	6
102	6
103	7
104	1
105	3
106	4
107	1
108	2
109	5
110	3
111	3
112	3
113	3
114	4
115	5
116	2
117	4
118	2
119	4
120	4
121	1
122	3
123	2
124	6
125	1
126	7
128	1
129	5
130	2
131	2
132	3
133	3
134	2
135	3
136	1
137	3
138	3
140	2
141	2
142	3
143	1
144	1
145	2
148	3
149	2
150	2
151	2
152	1
154	1
155	1
156	1
157	4
158	2
159	1
160	3
161	1
162	1
164	1
166	3
167	1
168	2
169	2
170	1
171	3
173	1
174	3
175	3
176	2
179	3
180	1
182	3
184	1
185	2
187	2
188	2
190	1
192	1
193	1
194	2
195	1
196	1
198	1
199	2
200	3
201	2
202	1
203	1
207	1
212	1
216	1
217	1
218	1
219	2
220	1
221	1
223	1
224	1
228	1
229	1
232	1
233	1
236	1
237	1
239	1
240	1
242	2
246	2
247	1
248	1
250	1
251	2
253	1
254	1
255	1
256	1
261	2
264	1
265	1
266	2
269	2
270	1
272	1
274	1
279	1
288	1
293	1
295	1
298	2
305	1
306	1
307	1
316	1
320	1
322	1
324	1
325	2
328	1
330	2
333	1
336	1
339	2
341	2
343	1
345	1
348	1
366	1
367	1
368	1
371	2
377	1
387	1
388	1
393	1
410	1
419	1
421	1
441	2
449	1
452	1
458	1
460	1
461	1
476	2
477	1
489	1
490	1
501	1
510	1
532	2
542	1
543	1
555	1
558	1
564	1
565	1
567	1
574	1
577	1
598	1
604	1
608	1
617	1
619	1
620	1
623	1
625	1
626	1
654	1
657	1
658	1
659	1
687	1
734	1
762	1
787	1
844	1
857	1
900	1
918	1
928	1
940	1
1002	1
1041	1
1053	1
1068	1
1070	1
1111	1
1145	1
1155	1
1157	1
1189	1
1369	1
1376	1
1422	1
1568	1
1619	1
1648	1
1681	1
1739	1
1827	1
1856	1
1929	1
2078	1
2147	1
2294	1
2427	1
2478	1
2484	1
2676	1
2712	1
2827	1
2947	1
3754	1
3869	1
4679	1
7993	1
8968	1
9905	1
10794	1
14202	1
24997	1
