m	Vm
1	22698
2	7348
3	3970
4	2515
5	1832
6	1319
7	1046
8	817
9	686
10	544
11	500
12	406
13	402
14	354
15	296
16	280
17	233
18	212
19	207
20	176
21	184
22	145
23	135
24	137
25	109
26	108
27	118
28	128
29	111
30	97
31	81
32	88
33	83
34	86
35	81
36	71
37	73
38	77
39	73
40	77
41	56
42	55
43	70
44	51
45	45
46	58
47	44
48	44
49	33
50	30
51	39
52	42
53	32
54	38
55	49
56	30
57	36
58	23
59	34
60	21
61	35
62	32
63	19
64	29
65	33
66	23
67	22
68	13
69	20
70	18
71	16
72	20
73	24
74	17
75	12
76	15
77	18
78	22
79	17
80	16
81	34
82	16
83	13
84	12
85	18
86	11
87	13
88	11
89	16
90	17
91	13
92	8
93	16
94	13
95	10
96	10
97	8
98	11
99	12
100	11
101	2
102	15
103	11
104	9
105	8
106	10
107	9
108	10
109	10
110	8
111	8
112	14
113	16
114	11
115	9
116	9
117	6
118	7
119	9
120	7
121	4
122	10
123	10
124	8
125	10
126	8
127	4
128	7
129	1
130	8
131	9
132	6
133	5
134	6
135	4
136	4
137	6
138	3
139	7
140	4
141	4
142	10
143	8
144	4
145	6
146	4
147	4
148	8
149	4
150	4
151	3
152	8
153	3
154	3
155	4
156	4
157	4
158	5
159	4
160	5
161	4
162	5
163	3
164	3
165	3
166	3
167	2
168	4
169	1
170	4
171	4
172	2
173	4
174	2
175	7
176	3
177	5
178	3
179	6
180	2
181	3
182	3
183	4
184	2
185	2
186	2
187	3
188	1
189	6
190	7
191	2
192	3
193	1
194	3
195	4
196	2
197	1
198	1
199	2
201	2
202	3
203	2
205	1
206	4
207	1
208	3
210	1
212	5
214	3
215	1
216	4
217	2
218	4
220	4
221	3
222	3
223	2
224	1
226	3
228	1
231	5
233	5
234	2
235	1
236	2
237	4
238	3
239	3
241	2
242	2
243	2
244	1
245	1
246	1
248	1
249	1
252	3
253	1
254	2
256	1
257	3
258	1
259	1
261	1
262	1
263	1
264	1
265	2
266	2
268	4
269	1
271	2
273	1
274	1
275	3
276	1
277	1
278	2
279	1
280	1
281	1
282	3
283	1
284	1
285	1
286	2
287	1
288	1
289	1
291	1
292	3
297	3
298	1
299	1
302	1
303	1
304	1
305	1
306	1
307	3
308	2
309	2
310	1
311	1
312	1
313	1
314	1
315	4
317	1
320	1
321	1
322	2
323	4
325	3
328	1
330	2
332	3
335	1
338	3
341	1
342	2
345	3
346	1
348	1
349	1
353	1
354	2
356	2
357	1
358	1
359	1
361	1
362	1
367	2
368	1
369	2
370	1
371	1
373	1
378	1
380	1
385	2
390	1
391	1
392	1
398	1
399	1
401	1
402	1
410	1
412	2
418	1
419	1
423	2
426	1
430	1
431	1
440	1
441	1
444	1
448	1
449	1
452	1
457	1
459	1
460	1
463	2
466	1
468	1
469	1
471	1
476	2
478	1
484	1
488	1
489	1
496	1
498	1
505	2
506	1
519	1
520	1
521	1
525	1
528	1
530	1
531	1
532	1
543	2
547	1
550	1
553	1
555	1
567	1
569	1
572	1
578	1
581	2
590	1
596	1
600	2
602	1
611	1
614	1
618	1
623	1
628	1
645	1
654	1
660	1
661	1
662	1
663	1
664	1
667	1
668	1
672	1
673	1
675	1
679	1
686	1
687	1
692	1
695	1
702	1
707	1
728	2
735	1
742	1
744	1
762	1
765	1
769	1
781	1
793	1
816	1
818	1
819	1
826	1
828	1
870	1
876	1
881	1
913	1
933	1
957	1
983	1
989	1
999	1
1009	1
1012	1
1019	1
1061	1
1094	1
1117	1
1129	1
1135	1
1165	1
1178	1
1183	1
1193	1
1217	1
1227	1
1267	1
1281	1
1285	1
1288	1
1319	1
1326	1
1335	1
1358	1
1438	1
1447	1
1452	1
1465	1
1477	1
1483	1
1487	1
1490	1
1538	1
1592	1
1632	1
1654	1
1657	1
1685	1
1858	1
1866	1
1877	1
1895	1
1908	1
1949	1
1992	1
2066	1
2084	1
2150	1
2284	1
2296	1
2325	1
2335	1
2373	1
2463	1
2544	1
2589	1
2825	1
3188	1
3295	1
3492	1
3604	1
3779	1
3791	1
3909	1
3928	1
4194	1
4215	1
4219	1
4816	1
4893	1
5173	1
5272	1
5546	1
5761	1
5831	1
6057	1
6100	1
6639	1
7937	1
8026	1
9130	1
9694	1
17714	1
18967	1
22840	1
24408	1
33405	1
56563	1
