m	Vm
1	17155
2	5304
3	2913
4	1831
5	1359
6	941
7	775
8	620
9	507
10	431
11	397
12	328
13	287
14	257
15	221
16	213
17	209
18	152
19	173
20	146
21	131
22	131
23	105
24	116
25	129
26	105
27	107
28	79
29	87
30	70
31	75
32	86
33	71
34	69
35	54
36	58
37	54
38	44
39	58
40	58
41	46
42	52
43	42
44	42
45	51
46	48
47	34
48	34
49	42
50	33
51	29
52	24
53	36
54	33
55	36
56	32
57	28
58	28
59	15
60	23
61	26
62	22
63	22
64	17
65	31
66	34
67	24
68	24
69	15
70	21
71	26
72	22
73	16
74	22
75	13
76	19
77	14
78	17
79	10
80	21
81	21
82	13
83	13
84	18
85	5
86	12
87	15
88	17
89	12
90	10
91	15
92	16
93	14
94	10
95	17
96	11
97	11
98	17
99	14
100	8
101	7
102	7
103	10
104	11
105	7
106	7
107	7
108	13
109	11
110	9
111	7
112	10
113	7
114	10
115	10
116	6
117	4
118	8
119	8
120	12
121	5
122	10
123	14
124	13
125	8
126	8
127	6
128	8
129	6
130	8
131	7
132	4
133	4
134	4
135	4
136	6
137	3
138	7
139	3
140	6
141	11
142	5
143	8
144	7
145	7
146	5
147	6
148	5
149	5
150	4
151	4
152	6
153	6
154	3
155	6
156	8
157	4
158	12
159	5
160	4
161	9
162	6
163	7
164	2
165	4
166	8
167	7
168	3
169	3
170	3
171	3
172	2
173	5
174	4
175	5
177	6
178	4
179	4
180	6
181	4
182	3
183	2
184	1
185	3
187	2
188	4
189	5
190	1
191	4
192	3
193	4
194	2
195	5
196	4
197	1
198	7
199	1
200	6
201	3
202	5
203	5
204	2
205	1
206	1
207	4
208	1
209	4
210	1
211	1
212	4
213	5
214	1
215	3
216	3
217	2
218	3
220	4
221	1
222	7
223	4
225	2
226	2
227	4
229	3
230	1
231	5
232	1
233	1
236	1
238	3
239	1
240	2
241	1
242	2
243	1
244	2
245	1
246	2
247	3
248	1
249	2
250	2
251	4
253	1
255	1
256	1
257	2
258	4
259	2
260	1
261	3
262	1
263	2
264	1
265	1
266	2
267	5
268	2
269	3
270	4
271	1
272	2
273	1
275	2
276	3
277	2
280	4
281	2
282	2
283	2
284	1
285	4
286	1
287	2
288	1
290	1
291	3
292	1
293	2
294	1
295	3
296	1
297	3
298	1
299	2
301	2
302	1
303	1
304	2
305	3
306	1
307	1
308	2
309	2
311	2
312	3
313	1
314	1
315	1
319	1
320	1
321	3
322	1
323	1
325	1
326	2
329	1
330	1
332	2
334	2
335	1
336	1
337	1
338	1
340	1
342	1
343	2
344	1
345	3
347	1
348	1
350	2
351	2
352	1
353	1
354	3
355	1
357	1
359	2
360	3
362	1
366	1
368	3
369	1
370	1
371	1
373	2
374	1
375	1
377	2
378	1
379	1
380	1
381	1
383	2
387	2
388	1
389	1
390	1
393	1
394	1
396	1
398	1
400	1
404	2
405	1
406	1
409	1
412	2
413	1
415	2
419	1
423	1
424	2
426	3
428	1
429	1
432	1
437	1
439	1
440	2
441	1
442	1
443	1
444	1
450	2
452	1
454	1
456	2
457	2
460	1
464	1
465	1
467	1
468	1
469	1
471	1
474	1
475	1
479	1
480	1
485	1
486	1
488	1
490	2
491	2
493	1
494	2
495	1
499	1
500	1
501	1
502	2
505	1
507	1
510	3
512	1
514	2
515	1
521	1
522	1
524	1
527	1
530	1
532	1
533	1
534	2
535	1
536	1
537	1
540	1
542	1
548	1
551	2
552	1
559	1
560	1
562	2
577	2
579	1
583	1
585	1
592	1
598	1
603	1
609	1
610	1
611	1
613	2
620	1
624	1
626	1
627	1
632	1
639	1
640	1
648	1
654	1
658	1
661	1
662	1
666	1
672	1
675	1
680	1
686	1
688	2
694	1
696	1
697	1
699	1
701	2
707	1
729	2
744	1
760	1
761	2
763	1
766	1
772	1
784	1
794	1
802	1
819	1
821	1
828	1
831	3
843	1
844	1
849	1
871	1
876	1
883	1
898	1
899	1
902	1
904	1
915	1
919	1
934	1
947	1
966	1
969	1
1009	1
1012	1
1015	1
1021	1
1030	1
1032	1
1035	1
1067	1
1068	1
1088	1
1099	1
1145	1
1156	1
1168	1
1182	1
1239	1
1252	1
1255	1
1302	1
1311	1
1318	1
1340	1
1360	1
1370	1
1377	1
1384	1
1413	1
1415	1
1468	1
1476	1
1519	1
1545	1
1557	1
1573	1
1574	1
1597	1
1617	1
1633	1
1658	1
1744	1
1776	1
1789	1
1790	2
1794	1
1813	1
1815	1
1855	1
1892	1
1905	1
1963	1
1983	1
2029	1
2039	1
2085	1
2095	1
2121	1
2139	1
2193	1
2223	1
2234	1
2280	1
2323	1
2324	1
2459	1
2488	1
2619	1
2669	1
2775	1
2839	1
2843	1
2844	1
2986	1
2995	1
3036	1
3432	1
3475	1
3554	1
3622	1
3745	1
3759	1
4186	1
4336	1
4366	1
4382	1
4690	1
4857	1
4860	1
5138	1
5299	1
5368	1
5560	1
5844	1
6728	1
6996	1
7242	1
7270	1
8836	1
8848	1
9077	1
9477	1
9801	1
10777	1
12180	1
21314	1
23157	1
26126	1
28826	1
36365	1
39152	1
49249	1
58260	1
69836	1
