m	Vm
1	5099
2	1526
3	814
4	476
5	361
6	260
7	214
8	157
9	95
10	113
11	93
12	72
13	65
14	54
15	60
16	30
17	43
18	43
19	39
20	41
21	32
22	30
23	18
24	18
25	22
26	22
27	8
28	16
29	17
30	10
31	19
32	12
33	11
34	8
35	8
36	15
37	13
38	9
39	11
40	8
41	11
42	13
43	8
44	8
45	9
46	7
47	5
48	11
49	4
50	12
51	4
52	6
53	8
54	3
55	1
56	1
57	10
58	8
59	1
60	3
61	1
62	2
63	2
64	1
65	5
67	6
68	2
69	3
70	3
71	3
72	5
73	2
74	3
76	3
77	2
78	2
79	3
80	2
82	1
83	2
85	1
86	2
87	1
89	1
90	1
91	3
92	2
93	3
98	1
100	1
101	5
103	1
104	1
107	1
108	1
112	1
113	1
114	1
115	1
118	1
120	1
121	2
123	1
124	2
125	1
126	1
135	1
140	1
141	1
142	1
145	1
148	1
150	1
151	1
155	1
158	1
162	1
165	2
167	1
168	1
169	1
170	2
174	1
176	1
177	1
179	1
181	1
185	1
188	1
217	2
219	1
224	1
225	1
231	1
235	1
240	1
248	1
253	1
257	1
261	1
265	1
277	1
278	1
294	1
298	1
301	1
312	1
349	1
384	1
427	1
464	1
492	1
494	1
505	1
555	1
601	1
630	1
658	1
684	1
697	1
727	1
829	1
870	1
951	1
1975	1
2093	1
2101	1
2139	1
2803	1
2895	1
3921	1
5082	1
6285	1
