m	Vm
1	412
2	119
3	74
4	45
5	39
6	23
7	28
8	16
9	16
10	11
11	9
12	5
13	8
14	6
15	4
16	3
17	9
18	3
19	5
20	2
21	2
22	2
23	4
24	2
25	5
26	2
27	4
28	2
29	5
30	3
32	3
33	2
34	1
35	2
36	4
39	1
40	1
41	1
43	3
44	1
45	2
46	1
47	6
49	1
50	3
51	1
52	1
57	3
58	1
62	1
65	2
66	1
67	1
69	1
70	1
71	1
72	1
73	2
74	2
78	2
79	1
81	1
86	1
87	1
88	1
93	2
97	1
100	1
103	1
104	2
106	1
113	1
118	1
121	2
122	4
124	1
125	1
126	1
132	1
140	1
146	2
148	1
149	1
157	1
160	1
165	1
166	1
168	1
176	1
181	2
200	1
206	2
208	1
211	1
235	1
238	1
252	2
253	1
259	1
268	1
272	1
277	1
280	1
286	1
299	1
310	1
311	1
319	1
329	1
332	1
333	1
341	1
347	2
353	1
358	1
359	1
362	1
365	1
370	1
383	1
384	1
386	1
394	1
405	1
417	1
421	1
424	2
427	1
429	1
434	1
448	1
468	2
474	1
492	1
506	1
508	1
519	1
530	1
568	1
570	1
572	1
588	1
611	1
628	1
637	1
662	1
666	1
680	1
683	1
684	1
689	2
695	1
704	1
705	1
717	1
725	1
733	1
740	1
757	1
773	1
791	1
796	1
803	1
817	1
842	1
848	1
860	1
874	1
875	1
878	1
890	2
908	1
920	1
927	1
959	1
962	1
1000	1
1017	1
1025	1
1037	1
1038	1
1082	1
1142	1
1187	1
1194	1
1249	1
1255	1
1293	1
1330	1
1338	1
1373	1
1431	1
1530	1
1586	1
1599	1
1617	1
1625	1
1635	1
1655	1
1664	1
1696	1
1742	1
1756	1
1810	1
1856	1
1912	1
1917	1
1964	1
1995	1
1998	1
2019	1
2070	1
2091	1
2118	1
2130	1
2147	1
2172	1
2196	1
2202	1
2238	1
2243	1
2351	1
2355	1
2409	1
2424	1
2473	1
2474	1
2504	1
2572	1
2593	1
2622	1
2660	1
2688	1
2733	1
2845	1
2911	1
2948	1
2986	1
3093	1
3105	1
3131	1
3166	1
3222	1
3258	1
3359	1
3389	1
3459	1
3462	1
3602	1
3627	1
3681	1
3802	1
3855	1
4021	1
4128	1
4131	1
4253	1
4409	1
4488	1
4614	1
4781	1
5477	1
5672	1
6340	1
6466	1
6508	1
6970	1
7080	1
9782	1
9816	1
10167	1
10718	1
10842	1
11597	1
12013	1
13324	1
13768	1
16289	1
16792	1
16824	1
16848	1
17442	1
18005	1
18327	1
19402	1
20385	1
22967	1
26234	1
27449	1
29480	1
30574	1
30883	1
32123	1
36599	1
40244	1
40677	1
43559	1
49885	1
65798	1
85707	1
118744	1
147325	1
