m	Vm
1	300
2	95
3	58
4	35
5	30
6	21
7	13
8	10
9	10
10	3
11	7
12	5
13	8
14	5
15	4
16	6
17	3
18	1
19	1
20	5
21	3
22	3
23	2
24	5
25	1
26	3
28	2
29	3
30	1
31	1
32	4
33	1
34	1
35	1
36	4
37	2
40	2
43	2
44	3
45	1
48	1
49	2
51	1
53	1
55	1
56	1
58	2
59	1
60	2
61	2
62	1
64	3
65	1
71	1
72	1
78	3
79	1
80	1
83	2
84	1
85	1
96	1
99	1
100	3
104	1
107	1
119	2
122	1
126	1
127	1
131	1
133	1
137	1
141	1
143	2
152	1
160	1
165	1
166	1
169	1
172	1
174	1
175	2
177	1
178	2
179	1
183	1
186	1
189	1
191	1
192	1
193	1
195	1
198	1
200	1
202	1
205	1
213	1
216	1
218	1
226	2
229	1
231	1
234	1
237	1
240	1
250	1
253	1
261	1
288	1
290	1
300	1
301	1
307	1
311	1
322	1
323	1
324	1
335	1
342	1
345	1
349	2
352	1
356	1
359	1
366	1
369	2
370	1
374	1
393	1
409	1
413	1
419	1
422	1
423	1
425	1
427	1
429	1
438	1
441	1
450	2
456	1
465	1
480	1
492	1
493	1
494	1
496	1
512	1
516	1
528	2
529	1
582	1
597	1
618	1
625	1
648	1
678	1
686	1
708	1
709	1
768	1
769	1
770	1
789	1
795	1
808	1
828	1
839	2
878	1
884	1
889	1
909	1
970	1
973	1
990	1
993	2
1000	1
1038	1
1057	1
1080	1
1083	1
1093	1
1096	1
1109	1
1116	1
1126	1
1132	1
1142	1
1156	1
1168	1
1194	1
1248	1
1280	2
1287	1
1289	1
1295	1
1315	1
1351	1
1352	1
1435	1
1438	1
1446	1
1448	1
1534	1
1536	1
1586	1
1587	1
1601	1
1658	1
1682	1
1691	1
1719	1
1736	1
1783	1
1818	1
1905	1
1916	1
1918	1
2021	1
2071	1
2089	1
2105	1
2231	1
2234	1
2316	1
2412	1
2713	1
2811	1
3131	1
3256	1
3266	1
3474	1
3487	1
4879	1
4910	1
5111	1
5344	1
5463	1
5769	1
5917	1
6698	1
6798	1
8127	1
8336	1
8374	1
8447	1
8836	1
9158	1
9216	1
9745	1
10187	1
11481	1
13032	1
13939	1
14757	1
15457	1
15460	1
15914	1
18303	1
20102	1
20457	1
21836	1
25005	1
32798	1
42868	1
59214	1
73335	1
